NPI/NDC policies 
MAgPIE 
Tue Sep 11 16:26:44 2018 
 
##---------------------------------------------------------------------------- 
## Avoiding Deforestation - AD (%) 
## percentage protection: 0 = no protection, 1 = full protection 
## Ref: BaseYear (1), Baseline (2) 
 
############## 
### NPI AD ### 
############## 
   dummy   targettype   baseyear   targetyear   target
     LAX            1       2005         2020     0.80
     CEX            1       2005         2020     0.40
     ZAF            1       1995         1995     1.00
     CHN            2       1995         1995     1.00
     IND            2       2005         2005     1.00
     NPL            1       2005         2005     1.00
     VNM            1       1995         1995     1.00
     ESP            1       2015         2020     0.80
     IRL            1       2015         2020     0.80
     PRT            1       2015         2020     0.80
     GBR            1       2015         2020     0.80
     FRA            1       2015         2020     0.80
     BEL            1       2015         2020     0.80
     NLD            1       2015         2020     0.80
     NOR            1       2015         2020     0.80
     LUX            1       2015         2020     0.80
     DEU            1       2015         2020     0.80
     CHE            1       2015         2020     0.80
     ITA            1       2015         2020     0.80
     DNK            1       2015         2020     0.80
     AUT            1       2015         2020     0.80
     SWE            1       2015         2020     0.80
     CZE            1       2015         2020     0.80
     HRV            1       2015         2020     0.80
     SVN            1       2015         2020     0.80
     POL            1       2015         2020     0.80
     HUN            1       2015         2020     0.80
     SVK            1       2015         2020     0.80
     GRC            1       2015         2020     0.80
     ROU            1       2015         2020     0.80
     LTU            1       2015         2020     0.80
     LVA            1       2015         2020     0.80
     FIN            1       2015         2020     0.80
     EST            1       2015         2020     0.80
     BGR            1       2015         2020     0.80
     CYP            1       2015         2020     0.80
     MEX            1       2005         2030     1.00
     USA            1       1995         1995     1.00
     ECU            1       2005         2005     1.00
     PAN            1       2015         2015     1.00
     URY            1       1995         1995     1.00
     MAR            1       2010         2010     1.00
     TUN            1       1995         1995     1.00
     PSE            1       1995         1995     1.00
     CAN            1       1995         1995     0.90
     AUS            1       2010         2010     1.00
     JPN            1       1995         1995     1.00
     NZL            1       1995         1995     1.00
     IDN            1       2010         2020     0.34
 
############## 
### NDC AD ### 
############## 
   dummy   targettype   baseyear   targetyear   target
     LAX            1       2015         2030   1.0000
     SEN            1       2020         2020   1.0000
     GHA            1       2020         2020   1.0000
     BEN            1       2020         2030   0.0100
     NAM            2       2020         2030   0.0598
     AGO            1       2020         2030   0.6000
     CAF            1       2020         2030   0.2500
     ZAF            1       1995         1995   1.0000
     BDI            1       2015         2015   1.0000
     RWA            1       2015         2015   1.0000
     UGA            1       2020         2030   1.0000
     ETH            1       2020         2020   1.0000
     CHN            2       1995         1995   1.0000
     IND            2       2005         2005   1.0000
     NPL            1       2005         2005   1.0000
     LAO            1       2020         2020   1.0000
     THA            1       2020         2020   1.0000
     KHM            1       2010         2010   1.0000
     VNM            1       1995         1995   1.0000
     ESP            1       2015         2030   1.0000
     IRL            1       2015         2030   1.0000
     PRT            1       2015         2030   1.0000
     GBR            1       2015         2030   1.0000
     FRA            1       2015         2030   1.0000
     BEL            1       2015         2030   1.0000
     NLD            1       2015         2030   1.0000
     NOR            1       2015         2030   1.0000
     LUX            1       2015         2030   1.0000
     DEU            1       2015         2030   1.0000
     CHE            1       2015         2030   1.0000
     ITA            1       2015         2030   1.0000
     DNK            1       2015         2030   1.0000
     AUT            1       2015         2030   1.0000
     SWE            1       2015         2030   1.0000
     CZE            1       2015         2030   1.0000
     HRV            1       2015         2030   1.0000
     SVN            1       2015         2030   1.0000
     POL            1       2015         2030   1.0000
     HUN            1       2015         2030   1.0000
     SVK            1       2015         2030   1.0000
     GRC            1       2015         2030   1.0000
     ROU            1       2015         2030   1.0000
     LTU            1       2015         2030   1.0000
     LVA            1       2015         2030   1.0000
     FIN            1       2015         2030   1.0000
     EST            1       2015         2030   1.0000
     BGR            1       2015         2030   1.0000
     BLR            1       2020         2020   1.0000
     CYP            1       2015         2030   1.0000
     GEO            1       2020         2030   0.7000
     ARM            1       2020         2020   1.0000
     MEX            1       2005         2030   1.0000
     USA            1       1995         1995   1.0000
     ECU            2       2005         2005   1.0000
     SLV            1       2015         2015   1.0000
     HND            1       2020         2020   1.0000
     BLZ            1       2015         2050   1.0000
     CRI            1       2020         2035   1.0000
     PAN            1       2015         2015   1.0000
     CHL            1       2020         2020   1.0000
     HTI            1       2020         2020   1.0000
     BOL            1       2015         2020   1.0000
     URY            1       1995         1995   1.0000
     MAR            1       2010         2010   1.0000
     TUN            1       1995         1995   1.0000
     PSE            1       1995         1995   1.0000
     PAK            1       2015         2015   1.0000
     CAN            1       1995         1995   0.9000
     AUS            1       2010         2010   1.0000
     JPN            1       1995         1995   1.0000
     NZL            1       1995         1995   1.0000
     IDN            1       2020         2030   0.5200
     LKA            1       2020         2020   1.0000
     BTN            1       2015         2015   1.0000
 
##---------------------------------------------------------------------------- 
## Avoiding Other Land Conversion - AOLC (%) 
## percentage protection: 0 = no protection, 1 = full protection 
## Ref: BaseYear (1), Baseline (2) 
 
################ 
### NPI AOLC ### 
################ 
   dummy   targettype   baseyear   targetyear   target
     CHN            2       1995         1995      1.0
     ESP            1       2015         2020      0.8
     IRL            1       2015         2020      0.8
     PRT            1       2015         2020      0.8
     GBR            1       2015         2020      0.8
     FRA            1       2015         2020      0.8
     BEL            1       2015         2020      0.8
     NLD            1       2015         2020      0.8
     NOR            1       2015         2020      0.8
     LUX            1       2015         2020      0.8
     DEU            1       2015         2020      0.8
     CHE            1       2015         2020      0.8
     ITA            1       2015         2020      0.8
     DNK            1       2015         2020      0.8
     AUT            1       2015         2020      0.8
     SWE            1       2015         2020      0.8
     CZE            1       2015         2020      0.8
     HRV            1       2015         2020      0.8
     SVN            1       2015         2020      0.8
     POL            1       2015         2020      0.8
     HUN            1       2015         2020      0.8
     SVK            1       2015         2020      0.8
     GRC            1       2015         2020      0.8
     ROU            1       2015         2020      0.8
     LTU            1       2015         2020      0.8
     LVA            1       2015         2020      0.8
     FIN            1       2015         2020      0.8
     EST            1       2015         2020      0.8
     BGR            1       2015         2020      0.8
     CYP            1       2015         2020      0.8
     JPN            1       1995         1995      1.0
 
################ 
### NDC AOLC ### 
################ 
   dummy   targettype   baseyear   targetyear   target
     CHN            2       1995         1995        1
     ESP            1       2015         2030        1
     IRL            1       2015         2030        1
     PRT            1       2015         2030        1
     GBR            1       2015         2030        1
     FRA            1       2015         2030        1
     BEL            1       2015         2030        1
     NLD            1       2015         2030        1
     NOR            1       2015         2030        1
     LUX            1       2015         2030        1
     DEU            1       2015         2030        1
     CHE            1       2015         2030        1
     ITA            1       2015         2030        1
     DNK            1       2015         2030        1
     AUT            1       2015         2030        1
     SWE            1       2015         2030        1
     CZE            1       2015         2030        1
     HRV            1       2015         2030        1
     SVN            1       2015         2030        1
     POL            1       2015         2030        1
     HUN            1       2015         2030        1
     SVK            1       2015         2030        1
     GRC            1       2015         2030        1
     ROU            1       2015         2030        1
     LTU            1       2015         2030        1
     LVA            1       2015         2030        1
     FIN            1       2015         2030        1
     EST            1       2015         2030        1
     BGR            1       2015         2030        1
     CYP            1       2015         2030        1
     SLV            1       2015         2015        1
     JPN            1       1995         1995        1
 
##---------------------------------------------------------------------------- 
## Afforestation - AFF (Mha) 
## Ref: BaseYear (1), Baseline (2) 
 
############### 
### NPI AFF ### 
############### 
   dummy   targettype   baseyear   targetyear   target
     LAX            1       2010         2020     1.74
     CEX            1       2010         2020     0.45
     OTX            1       2010         2020     0.81
     CHN            1       2005         2020    40.00
     IND            1       2005         2030     5.00
     VNM            1       1995         2015     4.23
     USA            1       1995         2015     7.10
     ECU            1       2005         2015     0.30
     PAN            1       2015         2035     1.00
     BRA            1       2010         2020     3.00
     URY            1       1995         2015     0.76
     MAR            1       2010         2020     0.40
     TUN            1       1995         2015     0.30
     AUS            1       2010         2020     0.02
 
############### 
### NDC AFF ### 
############### 
   dummy   targettype   baseyear   targetyear     target
     LAX            1       2015         2030     6.9400
     CEX            1       2015         2030     1.8100
     OTX            1       2015         2030     3.2400
     SEN            1       2020         2035     0.5598
     GHA            1       2020         2030     0.1000
     NAM            1       2020         2030     0.0300
     BDI            1       2015         2030     0.0040
     RWA            1       2015         2030     0.0300
     UGA            1       2020         2030     1.4600
     ETH            1       2020         2030     7.0000
     CHN            1       2005         2030   138.0000
     IND            1       2005         2030    31.7000
     LAO            1       2020         2020     0.0000
     THA            1       2020         2030     3.6900
     KHM            1       2010         2030     0.5400
     VNM            1       1995         2015     4.2300
     BLR            1       2020         2030     0.0400
     GEO            1       2020         2030     0.0090
     ARM            1       2020         2050     0.6000
     USA            1       1995         2015     7.1000
     ECU            1       2005         2025     1.0000
     HND            1       2020         2030     1.0000
     PAN            1       2015         2035     1.0000
     CHL            1       2020         2030     0.2000
     HTI            1       2020         2030     0.0025
     BRA            1       2010         2030    12.0000
     BOL            1       2020         2030     4.5000
     URY            1       2020         2020     0.8200
     MAR            1       2010         2020     0.4000
     TUN            1       1995         2015     0.3000
     PAK            1       2015         2020     0.8300
     AUS            1       2010         2020     0.0200
     LKA            1       2020         2030     0.1800
